911
940
943
800
1034
1063
933
244
563
1084
1055
1045
952
961
937
955
936
932
917
930
909
935
916
896
898
907
906
902
839
842
676
698
606
674
729
690
744
685
749
794
793
781
775
780
559
557
560
567
565
555
558
568
570
554
561
562
545
550
544
547
546
549
551
548
506
526
513
533
518
535
496
488
475
474
471
444
446
453
438
430
434
423
408
403
393
378
376
371
351
359
347
336
338
323
299
294
306
310
262
284
270
273
278
266
156
158
166
154
151
133
124
122
110
95
52
49
39
1104
1099
1103
1064
802
803
580

