1081
3328
3143
750
704
2986
3925
4344
3959
3567
3569
3570
4510
4516
4495
4507
4509
4500
4511
4497
4514
4519
4517
4494
4518
4504
4506
4520
2024
2031
1361
3133
4278
1389
1419
1397
1398
498
1671
1683
2349
2348
2359
3426
2655
2653
3887
3350
2260
2262
3407
3408
3396
3390
3391
3398
3405
3404
4603
4605
4597
4600
1595
1728
1733
1750
1742
4454
4459
4453
4457
275
277
279
280
2216
4428
4786
4791
4776
4000
2987
4144
2382
2377
2674
192
2677
2402
2396
2397
3530
2388
4351
4355
3290
1869
3672
3664
3415
1522
3340
6
5
2173
2181
2182
